Entity,Code,Year,Fossil fuels (% sub energy),Renewables (% sub energy),Nuclear (% sub energy)
Africa,,1965,94.463,5.537,0
Africa,,1966,94.127,5.873,0
Africa,,1967,93.92,6.08,0
Africa,,1968,93.257,6.743,0
Africa,,1969,92.317,7.683,0
Africa,,1970,91.193,8.807,0
Africa,,1971,92.323,7.677,0
Africa,,1972,91.759,8.241,0
Africa,,1973,91.95,8.05,0
Africa,,1974,91.265,8.735,0
Africa,,1975,91.276,8.724,0
Africa,,1976,91.171,8.829,0
Africa,,1977,90.778,9.222,0
Africa,,1978,91.045,8.955,0
Africa,,1979,91.259,8.741,0
Africa,,1980,92.063,7.937,0
Africa,,1981,92.594,7.406,0
Africa,,1982,93.059,6.941,0
Africa,,1983,93.906,6.094,0
Africa,,1984,93.687,5.804,0.509
Africa,,1985,93.125,6.211,0.664
Africa,,1986,92.606,6.32,1.074
Africa,,1987,93.386,5.884,0.73
Africa,,1988,92.858,5.984,1.158
Africa,,1989,92.519,6.26,1.221
Africa,,1990,92.919,6.181,0.9
Africa,,1991,92.474,6.551,0.975
Africa,,1992,92.873,6.153,0.974
Africa,,1993,93.225,6.017,0.758
Africa,,1994,93.088,5.928,0.984
Africa,,1995,92.969,5.929,1.102
Africa,,1996,92.842,6.039,1.118
Africa,,1997,92.741,6.08,1.179
Africa,,1998,92.478,6.274,1.248
Africa,,1999,92.409,6.448,1.143
Africa,,2000,92.108,6.761,1.132
Africa,,2001,92.151,6.957,0.892
Africa,,2002,91.832,7.188,0.98
Africa,,2003,92.345,6.673,0.982
Africa,,2004,92.483,6.556,0.961
Africa,,2005,92.607,6.591,0.801
Africa,,2006,92.592,6.714,0.695
Africa,,2007,92.628,6.619,0.752
Africa,,2008,92.867,6.325,0.808
Africa,,2009,92.852,6.371,0.777
Africa,,2010,92.567,6.643,0.79
Africa,,2011,92.464,6.789,0.746
Africa,,2012,92.693,6.586,0.72
Africa,,2013,92.437,6.804,0.759
Africa,,2014,92.209,7.075,0.716
Africa,,2015,92.277,7.1,0.622
Africa,,2016,92.347,6.869,0.784
Africa,,2017,92.01,7.236,0.755
Africa,,2018,91.972,7.516,0.512
Africa,,2019,91.368,7.994,0.638
Algeria,DZA,1965,95.513,4.487,0
Algeria,DZA,1966,96.687,3.313,0
Algeria,DZA,1967,95.958,4.042,0
Algeria,DZA,1968,94.829,5.171,0
Algeria,DZA,1969,97.004,2.996,0
Algeria,DZA,1970,95.605,4.395,0
Algeria,DZA,1971,97.689,2.311,0
Algeria,DZA,1972,96.914,3.086,0
Algeria,DZA,1973,96.067,3.933,0
Algeria,DZA,1974,97.653,2.347,0
Algeria,DZA,1975,98.704,1.296,0
Algeria,DZA,1976,98.683,1.317,0
Algeria,DZA,1977,99.171,0.829,0
Algeria,DZA,1978,99.387,0.613,0
Algeria,DZA,1979,99.456,0.544,0
Algeria,DZA,1980,99.597,0.403,0
Algeria,DZA,1981,99.527,0.473,0
Algeria,DZA,1982,99.464,0.536,0
Algeria,DZA,1983,99.759,0.241,0
Algeria,DZA,1984,99.517,0.483,0
Algeria,DZA,1985,99.316,0.684,0
Algeria,DZA,1986,99.75,0.25,0
Algeria,DZA,1987,99.514,0.486,0
Algeria,DZA,1988,99.834,0.166,0
Algeria,DZA,1989,99.789,0.211,0
Algeria,DZA,1990,99.881,0.119,0
Algeria,DZA,1991,99.739,0.261,0
Algeria,DZA,1992,99.827,0.173,0
Algeria,DZA,1993,99.671,0.329,0
Algeria,DZA,1994,99.847,0.153,0
Algeria,DZA,1995,99.829,0.171,0
Algeria,DZA,1996,99.879,0.121,0
Algeria,DZA,1997,99.93,0.07,0
Algeria,DZA,1998,99.806,0.194,0
Algeria,DZA,1999,99.819,0.181,0
Algeria,DZA,2000,99.95,0.05,0
Algeria,DZA,2001,99.939,0.061,0
Algeria,DZA,2002,99.951,0.049,0
Algeria,DZA,2003,99.786,0.214,0
Algeria,DZA,2004,99.806,0.194,0
Algeria,DZA,2005,99.592,0.408,0
Algeria,DZA,2006,99.847,0.153,0
Algeria,DZA,2007,99.85,0.15,0
Algeria,DZA,2008,99.824,0.176,0
Algeria,DZA,2009,99.8,0.2,0
Algeria,DZA,2010,99.891,0.109,0
Algeria,DZA,2011,99.779,0.221,0
Algeria,DZA,2012,99.789,0.211,0
Algeria,DZA,2013,99.939,0.061,0
Algeria,DZA,2014,99.89,0.11,0
Algeria,DZA,2015,99.909,0.091,0
Algeria,DZA,2016,99.863,0.137,0
Algeria,DZA,2017,99.768,0.232,0
Algeria,DZA,2018,99.73,0.27,0
Algeria,DZA,2019,99.727,0.273,0
Argentina,ARG,1965,98.914,1.086,0
Argentina,ARG,1966,98.935,1.065,0
Argentina,ARG,1967,98.941,1.059,0
Argentina,ARG,1968,98.793,1.207,0
Argentina,ARG,1969,98.953,1.047,0
Argentina,ARG,1970,98.679,1.321,0
Argentina,ARG,1971,98.763,1.237,0
Argentina,ARG,1972,98.804,1.196,0
Argentina,ARG,1973,97.775,2.225,0
Argentina,ARG,1974,95.717,3.557,0.726
Argentina,ARG,1975,94.415,3.777,1.809
Argentina,ARG,1976,94.797,3.45,1.753
Argentina,ARG,1977,95.136,3.796,1.068
Argentina,ARG,1978,93.157,4.991,1.852
Argentina,ARG,1979,91.9,6.477,1.623
Argentina,ARG,1980,89.398,9.19,1.412
Argentina,ARG,1981,88.999,9.238,1.763
Argentina,ARG,1982,88.045,10.812,1.143
Argentina,ARG,1983,87.151,10.857,1.992
Argentina,ARG,1984,85.571,11.709,2.72
Argentina,ARG,1985,84.073,12.463,3.463
Argentina,ARG,1986,85.401,11.491,3.108
Argentina,ARG,1987,85.205,11.428,3.366
Argentina,ARG,1988,89.235,7.786,2.979
Argentina,ARG,1989,90.292,7.008,2.699
Argentina,ARG,1990,86.326,9.733,3.941
Argentina,ARG,1991,87.116,8.733,4.15
Argentina,ARG,1992,86.587,9.89,3.523
Argentina,ARG,1993,84.861,11.404,3.735
Argentina,ARG,1994,82.811,13.293,3.897
Argentina,ARG,1995,83.792,12.995,3.213
Argentina,ARG,1996,85.662,11.17,3.167
Argentina,ARG,1997,82.301,14.3,3.399
Argentina,ARG,1998,83.371,13.559,3.07
Argentina,ARG,1999,85.544,11.463,2.993
Argentina,ARG,2000,83.433,14.066,2.501
Argentina,ARG,2001,79.819,17.31,2.871
Argentina,ARG,2002,79.538,17.992,2.471
Argentina,ARG,2003,81.235,15.791,2.974
Argentina,ARG,2004,83.594,13.488,2.918
Argentina,ARG,2005,83.634,13.991,2.375
Argentina,ARG,2006,82.687,14.79,2.523
Argentina,ARG,2007,85.497,12.247,2.256
Argentina,ARG,2008,85.921,11.832,2.247
Argentina,ARG,2009,84.377,13.103,2.52
Argentina,ARG,2010,84.852,13.051,2.097
Argentina,ARG,2011,85.348,12.836,1.815
Argentina,ARG,2012,86.203,12.042,1.755
Argentina,ARG,2013,85.737,12.64,1.623
Argentina,ARG,2014,85.668,12.892,1.441
Argentina,ARG,2015,85.299,12.913,1.788
Argentina,ARG,2016,85.934,11.968,2.097
Argentina,ARG,2017,85.326,13.138,1.536
Argentina,ARG,2018,84.901,13.363,1.736
Argentina,ARG,2019,84.271,13.556,2.173
Australia,AUS,1965,94.528,5.472,0
Australia,AUS,1966,95.234,4.766,0
Australia,AUS,1967,95.349,4.651,0
Australia,AUS,1968,95.428,4.572,0
Australia,AUS,1969,95.218,4.782,0
Australia,AUS,1970,94.9,5.1,0
Australia,AUS,1971,94.52,5.48,0
Australia,AUS,1972,94.732,5.268,0
Australia,AUS,1973,94.743,5.257,0
Australia,AUS,1974,94.398,5.602,0
Australia,AUS,1975,94.076,5.924,0
Australia,AUS,1976,94.552,5.448,0
Australia,AUS,1977,95.045,4.955,0
Australia,AUS,1978,94.782,5.218,0
Australia,AUS,1979,95.119,4.881,0
Australia,AUS,1980,95.42,4.58,0
Australia,AUS,1981,95.32,4.68,0
Australia,AUS,1982,95.64,4.36,0
Australia,AUS,1983,95.889,4.111,0
Australia,AUS,1984,95.743,4.257,0
Australia,AUS,1985,95.518,4.482,0
Australia,AUS,1986,95.637,4.363,0
Australia,AUS,1987,95.869,4.131,0
Australia,AUS,1988,95.777,4.223,0
Australia,AUS,1989,95.972,4.028,0
Australia,AUS,1990,95.922,4.078,0
Australia,AUS,1991,95.669,4.331,0
Australia,AUS,1992,95.648,4.352,0
Australia,AUS,1993,95.654,4.346,0
Australia,AUS,1994,95.871,4.129,0
Australia,AUS,1995,96.069,3.931,0
Australia,AUS,1996,96.058,3.942,0
Australia,AUS,1997,96.146,3.854,0
Australia,AUS,1998,96.246,3.754,0
Australia,AUS,1999,96.283,3.717,0
Australia,AUS,2000,96.291,3.709,0
Australia,AUS,2001,96.406,3.594,0
Australia,AUS,2002,96.341,3.659,0
Australia,AUS,2003,96.275,3.725,0
Australia,AUS,2004,96.284,3.716,0
Australia,AUS,2005,96.029,3.971,0
Australia,AUS,2006,96.146,3.854,0
Australia,AUS,2007,96.19,3.81,0
Australia,AUS,2008,96.148,3.852,0
Australia,AUS,2009,95.689,4.311,0
Australia,AUS,2010,94.963,5.037,0
Australia,AUS,2011,93.707,6.293,0
Australia,AUS,2012,93.859,6.141,0
Australia,AUS,2013,93.14,6.86,0
Australia,AUS,2014,93.756,6.244,0
Australia,AUS,2015,93.496,6.504,0
Australia,AUS,2016,92.793,7.207,0
Australia,AUS,2017,93.115,6.885,0
Australia,AUS,2018,91.647,8.353,0
Australia,AUS,2019,91.433,8.567,0
Austria,AUT,1965,76.06,23.94,0
Austria,AUT,1966,75.34,24.66,0
Austria,AUT,1967,75.069,24.931,0
Austria,AUT,1968,76.058,23.942,0
Austria,AUT,1969,78.788,21.212,0
Austria,AUT,1970,76.376,23.624,0
Austria,AUT,1971,81.316,18.684,0
Austria,AUT,1972,81.44,18.56,0
Austria,AUT,1973,80.811,19.189,0
Austria,AUT,1974,77.379,22.621,0
Austria,AUT,1975,76.121,23.879,0
Austria,AUT,1976,80.11,19.89,0
Austria,AUT,1977,75.891,24.109,0
Austria,AUT,1978,76.885,23.115,0
Austria,AUT,1979,75.394,24.606,0
Austria,AUT,1980,74.383,25.617,0
Austria,AUT,1981,71.997,28.003,0
Austria,AUT,1982,70.985,29.015,0
Austria,AUT,1983,71.182,28.818,0
Austria,AUT,1984,74.516,25.484,0
Austria,AUT,1985,72.18,27.82,0
Austria,AUT,1986,71.188,28.812,0
Austria,AUT,1987,69.198,30.802,0
Austria,AUT,1988,68.677,31.323,0
Austria,AUT,1989,68.998,31.002,0
Austria,AUT,1990,72.455,27.545,0
Austria,AUT,1991,73.743,26.257,0
Austria,AUT,1992,70.395,29.605,0
Austria,AUT,1993,69.368,30.632,0
Austria,AUT,1994,70.13,29.87,0
Austria,AUT,1995,69.943,30.057,0
Austria,AUT,1996,72.43,27.57,0
Austria,AUT,1997,71.447,28.553,0
Austria,AUT,1998,70.985,29.015,0
Austria,AUT,1999,69.198,30.802,0
Austria,AUT,2000,68.504,31.496,0
Austria,AUT,2001,70.611,29.389,0
Austria,AUT,2002,71.097,28.903,0
Austria,AUT,2003,76.133,23.867,0
Austria,AUT,2004,73.738,26.262,0
Austria,AUT,2005,73.453,26.547,0
Austria,AUT,2006,72.863,27.137,0
Austria,AUT,2007,70.595,29.405,0
Austria,AUT,2008,70.169,29.831,0
Austria,AUT,2009,67.33,32.67,0
Austria,AUT,2010,70.016,29.984,0
Austria,AUT,2011,70.927,29.073,0
Austria,AUT,2012,65.858,34.142,0
Austria,AUT,2013,66.523,33.477,0
Austria,AUT,2014,65.229,34.771,0
Austria,AUT,2015,66.893,33.107,0
Austria,AUT,2016,66.232,33.768,0
Austria,AUT,2017,67.29,32.71,0
Austria,AUT,2018,67.434,32.566,0
Austria,AUT,2019,66.298,33.702,0
Azerbaijan,AZE,1985,98.445,1.555,0
Azerbaijan,AZE,1986,99.115,0.885,0
Azerbaijan,AZE,1987,99.087,0.913,0
Azerbaijan,AZE,1988,99.208,0.792,0
Azerbaijan,AZE,1989,99.223,0.777,0
Azerbaijan,AZE,1990,98.229,1.771,0
Azerbaijan,AZE,1991,98.044,1.956,0
Azerbaijan,AZE,1992,97.731,2.269,0
Azerbaijan,AZE,1993,96.365,3.635,0
Azerbaijan,AZE,1994,97.017,2.983,0
Azerbaijan,AZE,1995,97.303,2.697,0
Azerbaijan,AZE,1996,96.75,3.25,0
Azerbaijan,AZE,1997,96.219,3.781,0
Azerbaijan,AZE,1998,95.706,4.294,0
Azerbaijan,AZE,1999,96.673,3.327,0
Azerbaijan,AZE,2000,96.754,3.246,0
Azerbaijan,AZE,2001,97.163,2.837,0
Azerbaijan,AZE,2002,95.567,4.433,0
Azerbaijan,AZE,2003,95.021,4.979,0
Azerbaijan,AZE,2004,95.134,4.866,0
Azerbaijan,AZE,2005,95.128,4.872,0
Azerbaijan,AZE,2006,95.883,4.117,0
Azerbaijan,AZE,2007,95.754,4.246,0
Azerbaijan,AZE,2008,96.055,3.945,0
Azerbaijan,AZE,2009,95.406,4.594,0
Azerbaijan,AZE,2010,93.094,6.906,0
Azerbaijan,AZE,2011,95.21,4.79,0
Azerbaijan,AZE,2012,96.855,3.145,0
Azerbaijan,AZE,2013,97.399,2.601,0
Azerbaijan,AZE,2014,97.735,2.265,0
Azerbaijan,AZE,2015,97.429,2.571,0
Azerbaijan,AZE,2016,96.875,3.125,0
Azerbaijan,AZE,2017,97.155,2.845,0
Azerbaijan,AZE,2018,97.135,2.865,0
Azerbaijan,AZE,2019,97.52,2.48,0
Bangladesh,BGD,1971,100,0,0
Bangladesh,BGD,1972,96.94,3.06,0
Bangladesh,BGD,1973,95.314,4.686,0
Bangladesh,BGD,1974,96.671,3.329,0
Bangladesh,BGD,1975,94.738,5.262,0
Bangladesh,BGD,1976,94.804,5.196,0
Bangladesh,BGD,1977,95.522,4.478,0
Bangladesh,BGD,1978,95.189,4.811,0
Bangladesh,BGD,1979,94.961,5.039,0
Bangladesh,BGD,1980,95.56,4.44,0
Bangladesh,BGD,1981,95.273,4.727,0
Bangladesh,BGD,1982,96.417,3.583,0
Bangladesh,BGD,1983,95.411,4.589,0
Bangladesh,BGD,1984,94.243,5.757,0
Bangladesh,BGD,1985,95.736,4.264,0
Bangladesh,BGD,1986,97.617,2.383,0
Bangladesh,BGD,1987,97.519,2.481,0
Bangladesh,BGD,1988,97.091,2.909,0
Bangladesh,BGD,1989,96.32,3.68,0
Bangladesh,BGD,1990,96.668,3.332,0
Bangladesh,BGD,1991,96.726,3.274,0
Bangladesh,BGD,1992,97.149,2.851,0
Bangladesh,BGD,1993,98.021,1.979,0
Bangladesh,BGD,1994,97.401,2.599,0
Bangladesh,BGD,1995,99.035,0.965,0
Bangladesh,BGD,1996,98.168,1.832,0
Bangladesh,BGD,1997,98.304,1.696,0
Bangladesh,BGD,1998,98.084,1.916,0
Bangladesh,BGD,1999,98.176,1.824,0
Bangladesh,BGD,2000,98.47,1.53,0
Bangladesh,BGD,2001,98.237,1.763,0
Bangladesh,BGD,2002,98.719,1.281,0
Bangladesh,BGD,2003,98.798,1.202,0
Bangladesh,BGD,2004,98.844,1.156,0
Bangladesh,BGD,2005,98.933,1.067,0
Bangladesh,BGD,2006,99.016,0.984,0
Bangladesh,BGD,2007,99.041,0.959,0
Bangladesh,BGD,2008,98.851,1.149,0
Bangladesh,BGD,2009,99.519,0.481,0
Bangladesh,BGD,2010,99.187,0.813,0
Bangladesh,BGD,2011,99.106,0.894,0
Bangladesh,BGD,2012,99.225,0.775,0
Bangladesh,BGD,2013,99.26,0.74,0
Bangladesh,BGD,2014,99.395,0.605,0
Bangladesh,BGD,2015,99.238,0.762,0
Bangladesh,BGD,2016,99.252,0.748,0
Bangladesh,BGD,2017,99.149,0.851,0
Bangladesh,BGD,2018,99.29,0.71,0
Bangladesh,BGD,2019,99.363,0.637,0
Belarus,BLR,1985,99.986,0.014,0
Belarus,BLR,1986,99.988,0.012,0
Belarus,BLR,1987,99.988,0.012,0
Belarus,BLR,1988,99.988,0.012,0
Belarus,BLR,1989,99.988,0.012,0
Belarus,BLR,1990,99.988,0.012,0
Belarus,BLR,1991,99.989,0.011,0
Belarus,BLR,1992,99.989,0.011,0
Belarus,BLR,1993,99.984,0.016,0
Belarus,BLR,1994,99.981,0.019,0
Belarus,BLR,1995,99.978,0.022,0
Belarus,BLR,1996,99.983,0.017,0
Belarus,BLR,1997,99.978,0.022,0
Belarus,BLR,1998,99.97,0.03,0
Belarus,BLR,1999,99.979,0.021,0
Belarus,BLR,2000,99.971,0.029,0
Belarus,BLR,2001,99.967,0.033,0
Belarus,BLR,2002,99.969,0.031,0
Belarus,BLR,2003,99.97,0.03,0
Belarus,BLR,2004,99.968,0.032,0
Belarus,BLR,2005,99.965,0.035,0
Belarus,BLR,2006,99.967,0.033,0
Belarus,BLR,2007,99.955,0.045,0
Belarus,BLR,2008,99.909,0.064,0
Belarus,BLR,2009,99.819,0.098,0
Belarus,BLR,2010,99.759,0.112,0
Belarus,BLR,2011,99.773,0.121,0
Belarus,BLR,2012,99.759,0.137,0
Belarus,BLR,2013,99.703,0.204,0
Belarus,BLR,2014,99.722,0.181,0
Belarus,BLR,2015,99.679,0.238,0
Belarus,BLR,2016,99.609,0.315,0
Belarus,BLR,2017,99.287,0.638,0
Belarus,BLR,2018,99.37,0.555,0
Belarus,BLR,2019,99.365,0.56,0
Belgium,BEL,1965,99.817,0.183,0
Belgium,BEL,1966,99.787,0.209,0.004
Belgium,BEL,1967,99.779,0.158,0.063
Belgium,BEL,1968,99.818,0.146,0.036
Belgium,BEL,1969,99.863,0.125,0.012
Belgium,BEL,1970,99.844,0.127,0.029
Belgium,BEL,1971,99.93,0.07,0
Belgium,BEL,1972,99.906,0.089,0.005
Belgium,BEL,1973,99.823,0.14,0.037
Belgium,BEL,1974,99.75,0.176,0.075
Belgium,BEL,1975,96.216,0.143,3.641
Belgium,BEL,1976,94.837,0.084,5.079
Belgium,BEL,1977,93.729,0.238,6.033
Belgium,BEL,1978,93.709,0.234,6.057
Belgium,BEL,1979,94.375,0.258,5.366
Belgium,BEL,1980,93.548,0.284,6.168
Belgium,BEL,1981,93.005,0.347,6.647
Belgium,BEL,1982,91.328,0.205,8.467
Belgium,BEL,1983,86.339,0.2,13.461
Belgium,BEL,1984,84.972,0.2,14.827
Belgium,BEL,1985,82.1,0.174,17.726
Belgium,BEL,1986,80.204,0.229,19.567
Belgium,BEL,1987,79.484,0.278,20.237
Belgium,BEL,1988,79.362,0.259,20.38
Belgium,BEL,1989,80.423,0.236,19.341
Belgium,BEL,1990,80.836,0.246,18.918
Belgium,BEL,1991,81.424,0.229,18.346
Belgium,BEL,1992,81.066,0.265,18.669
Belgium,BEL,1993,81.475,0.221,18.303
Belgium,BEL,1994,82.951,0.248,16.801
Belgium,BEL,1995,82.772,0.274,16.954
Belgium,BEL,1996,83.072,0.216,16.711
Belgium,BEL,1997,81.661,0.225,18.114
Belgium,BEL,1998,82.424,0.284,17.292
Belgium,BEL,1999,81.167,0.321,18.512
Belgium,BEL,2000,81.83,0.386,17.785
Belgium,BEL,2001,82.457,0.398,17.145
Belgium,BEL,2002,82.103,0.42,17.477
Belgium,BEL,2003,82.839,0.421,16.74
Belgium,BEL,2004,82.923,0.524,16.554
Belgium,BEL,2005,82.519,0.741,16.74
Belgium,BEL,2006,82.702,1.03,16.269
Belgium,BEL,2007,82.185,1.201,16.614
Belgium,BEL,2008,83.176,1.487,15.337
Belgium,BEL,2009,80.936,2.157,16.907
Belgium,BEL,2010,81.271,2.705,16.024
Belgium,BEL,2011,79.257,3.553,17.19
Belgium,BEL,2012,80.71,4.438,14.852
Belgium,BEL,2013,80.037,4.732,15.232
Belgium,BEL,2014,81.761,5.397,12.841
Belgium,BEL,2015,84.388,5.865,9.747
Belgium,BEL,2016,79.361,5.642,14.997
Belgium,BEL,2017,79.578,6.121,14.301
Belgium,BEL,2018,83.427,6.689,9.884
Belgium,BEL,2019,78.684,6.937,14.379
Brazil,BRA,1965,73.681,26.319,0
Brazil,BRA,1966,73.614,26.386,0
Brazil,BRA,1967,73.359,26.641,0
Brazil,BRA,1968,75.615,24.385,0
Brazil,BRA,1969,76.099,23.901,0
Brazil,BRA,1970,74.318,25.423,0
Brazil,BRA,1971,74.398,25.274,0
Brazil,BRA,1972,73.836,25.726,0
Brazil,BRA,1973,75.092,24.618,0
Brazil,BRA,1974,74.295,25.542,0
Brazil,BRA,1975,73.259,26.609,0
Brazil,BRA,1976,72.125,27.747,0
Brazil,BRA,1977,70.239,29.318,0
Brazil,BRA,1978,69.785,29.268,0
Brazil,BRA,1979,67.96,30.743,0
Brazil,BRA,1980,65.207,33.278,0
Brazil,BRA,1981,63.918,34.638,0
Brazil,BRA,1982,62.331,35.656,0
Brazil,BRA,1983,59.581,37.685,0
Brazil,BRA,1984,57.846,38.505,0.373
Brazil,BRA,1985,56.774,38.72,0.722
Brazil,BRA,1986,58.143,37.149,0.029
Brazil,BRA,1987,58.423,36.762,0.189
Brazil,BRA,1988,57.272,37.893,0.114
Brazil,BRA,1989,56.481,38.184,0.336
Brazil,BRA,1990,55.723,43.859,0.417
Brazil,BRA,1991,55.301,44.44,0.259
Brazil,BRA,1992,56.222,43.476,0.302
Brazil,BRA,1993,56.201,43.727,0.073
Brazil,BRA,1994,56.854,43.138,0.009
Brazil,BRA,1995,56.701,42.923,0.375
Brazil,BRA,1996,57.003,42.655,0.342
Brazil,BRA,1997,57.517,42.06,0.423
Brazil,BRA,1998,57.445,42.135,0.42
Brazil,BRA,1999,57.791,41.706,0.503
Brazil,BRA,2000,57.39,41.859,0.752
Brazil,BRA,2001,60.381,37.819,1.799
Brazil,BRA,2002,58.828,39.48,1.692
Brazil,BRA,2003,57.466,40.939,1.595
Brazil,BRA,2004,57.772,40.915,1.314
Brazil,BRA,2005,57.163,41.76,1.077
Brazil,BRA,2006,56.907,41.636,1.458
Brazil,BRA,2007,55.785,42.989,1.226
Brazil,BRA,2008,56.665,42.015,1.32
Brazil,BRA,2009,53.828,44.945,1.226
Brazil,BRA,2010,55.891,42.868,1.241
Brazil,BRA,2011,56.277,42.45,1.272
Brazil,BRA,2012,58.099,40.629,1.272
Brazil,BRA,2013,60.476,38.35,1.174
Brazil,BRA,2014,61.466,37.398,1.136
Brazil,BRA,2015,60.271,38.632,1.097
Brazil,BRA,2016,57.328,41.467,1.205
Brazil,BRA,2017,57.676,41.15,1.174
Brazil,BRA,2018,55.054,43.79,1.156
Brazil,BRA,2019,53.822,45.017,1.162
Bulgaria,BGR,1965,95.354,4.646,0
Bulgaria,BGR,1966,95.645,4.355,0
Bulgaria,BGR,1967,96.23,3.77,0
Bulgaria,BGR,1968,97.825,2.175,0
Bulgaria,BGR,1969,97.25,2.75,0
Bulgaria,BGR,1970,97.139,2.861,0
Bulgaria,BGR,1971,97.23,2.77,0
Bulgaria,BGR,1972,97.401,2.599,0
Bulgaria,BGR,1973,96.931,3.069,0
Bulgaria,BGR,1974,96.513,2.411,1.076
Bulgaria,BGR,1975,94.746,2.574,2.68
Bulgaria,BGR,1976,92.125,2.929,4.946
Bulgaria,BGR,1977,91.141,3.321,5.538
Bulgaria,BGR,1978,91.988,2.643,5.369
Bulgaria,BGR,1979,91.691,2.899,5.41
Bulgaria,BGR,1980,91.808,3.079,5.113
Bulgaria,BGR,1981,89.273,3.047,7.68
Bulgaria,BGR,1982,88.66,2.507,8.833
Bulgaria,BGR,1983,87.2,2.739,10.061
Bulgaria,BGR,1984,86.859,2.678,10.463
Bulgaria,BGR,1985,87.283,1.851,10.866
Bulgaria,BGR,1986,88.324,1.886,9.789
Bulgaria,BGR,1987,87.948,2.042,10.01
Bulgaria,BGR,1988,85.341,2.043,12.616
Bulgaria,BGR,1989,86.301,2.136,11.562
Bulgaria,BGR,1990,85.764,1.616,12.62
Bulgaria,BGR,1991,83.441,2.587,13.972
Bulgaria,BGR,1992,84.627,2.329,13.043
Bulgaria,BGR,1993,83.094,2.063,14.843
Bulgaria,BGR,1994,81.452,1.62,16.928
Bulgaria,BGR,1995,79.87,2.38,17.75
Bulgaria,BGR,1996,78.397,3.003,18.601
Bulgaria,BGR,1997,77.666,3,19.335
Bulgaria,BGR,1998,77.333,3.511,19.157
Bulgaria,BGR,1999,75.951,3.566,20.483
Bulgaria,BGR,2000,73.152,3.442,23.406
Bulgaria,BGR,2001,73.873,2.132,23.996
Bulgaria,BGR,2002,71.873,2.753,25.374
Bulgaria,BGR,2003,75.415,3.667,20.919
Bulgaria,BGR,2004,75.192,3.934,20.874
Bulgaria,BGR,2005,73.755,4.956,21.289
Bulgaria,BGR,2006,73.701,4.715,21.584
Bulgaria,BGR,2007,80.049,3.318,16.633
Bulgaria,BGR,2008,78.504,3.399,18.089
Bulgaria,BGR,2009,75.315,4.831,19.824
Bulgaria,BGR,2010,73.787,7.188,18.937
Bulgaria,BGR,2011,76.418,4.566,18.929
Bulgaria,BGR,2012,73.919,6.465,19.156
Bulgaria,BGR,2013,71.829,9.036,18.486
Bulgaria,BGR,2014,71.056,9.003,19.333
Bulgaria,BGR,2015,71.761,9.977,17.503
Bulgaria,BGR,2016,71.763,8.492,18.852
Bulgaria,BGR,2017,73.917,7.126,18.069
Bulgaria,BGR,2018,69.674,10.771,18.676
Bulgaria,BGR,2019,70.059,9.203,19.769
Canada,CAN,1965,75.993,23.981,0.026
Canada,CAN,1966,74.963,25.004,0.033
Canada,CAN,1967,75.534,24.438,0.028
Canada,CAN,1968,76.505,23.338,0.157
Canada,CAN,1969,75.563,24.352,0.086
Canada,CAN,1970,75.972,23.871,0.157
Canada,CAN,1971,75.596,23.779,0.625
Canada,CAN,1972,74.301,24.717,0.981
Canada,CAN,1973,73.286,24.773,1.941
Canada,CAN,1974,72.175,26.01,1.814
Canada,CAN,1975,72.972,25.448,1.58
Canada,CAN,1976,72.653,25.284,2.064
Canada,CAN,1977,72.297,24.755,2.948
Canada,CAN,1978,70.446,26.108,3.446
Canada,CAN,1979,69.9,26.318,3.782
Canada,CAN,1980,69.481,26.523,3.996
Canada,CAN,1981,67.267,28.474,4.258
Canada,CAN,1982,67.189,28.593,4.217
Canada,CAN,1983,64.929,29.687,5.384
Canada,CAN,1984,64.57,30,5.43
Canada,CAN,1985,63.124,30.775,6.1
Canada,CAN,1986,61.416,31.419,7.165
Canada,CAN,1987,61.531,30.959,7.51
Canada,CAN,1988,63.319,28.942,7.739
Canada,CAN,1989,65.49,27.177,7.334
Canada,CAN,1990,64.96,28.217,6.823
Canada,CAN,1991,62.822,29.252,7.926
Canada,CAN,1992,63.348,29.314,7.337
Canada,CAN,1993,62.295,29.338,8.367
Canada,CAN,1994,61.882,28.856,9.261
Canada,CAN,1995,62.874,28.898,8.228
Canada,CAN,1996,62.566,29.843,7.591
Canada,CAN,1997,64.115,29.184,6.701
Canada,CAN,1998,65.93,28.184,5.886
Canada,CAN,1999,65.682,28.454,5.864
Canada,CAN,2000,65.784,28.572,5.644
Canada,CAN,2001,66.793,27.152,6.055
Canada,CAN,2002,66.686,27.567,5.747
Canada,CAN,2003,68.115,26.248,5.637
Canada,CAN,2004,67.329,25.99,6.681
Canada,CAN,2005,66.023,27.285,6.692
Canada,CAN,2006,65.839,26.991,7.17
Canada,CAN,2007,66.406,27.025,6.569
Canada,CAN,2008,65.563,27.706,6.731
Canada,CAN,2009,64.592,28.774,6.634
Canada,CAN,2010,66.482,27.021,6.497
Canada,CAN,2011,66.02,27.608,6.373
Canada,CAN,2012,65.263,28.251,6.486
Canada,CAN,2013,65.071,28.109,6.82
Canada,CAN,2014,65.909,27.136,6.956
Canada,CAN,2015,65.419,28.001,6.58
Canada,CAN,2016,64.916,28.541,6.543
Canada,CAN,2017,64.927,28.657,6.417
Canada,CAN,2018,66.193,27.569,6.237
Canada,CAN,2019,66.06,27.638,6.302
Chile,CHL,1965,84.812,15.188,0
Chile,CHL,1966,85.067,14.933,0
Chile,CHL,1967,85.047,14.953,0
Chile,CHL,1968,87.441,12.559,0
Chile,CHL,1969,86.837,13.163,0
Chile,CHL,1970,86.652,13.348,0
Chile,CHL,1971,86.024,13.976,0
Chile,CHL,1972,83.931,16.069,0
Chile,CHL,1973,83.698,16.302,0
Chile,CHL,1974,81.289,18.711,0
Chile,CHL,1975,79.128,20.872,0
Chile,CHL,1976,79.43,20.57,0
Chile,CHL,1977,79.045,20.955,0
Chile,CHL,1978,79.385,20.615,0
Chile,CHL,1979,79.508,20.492,0
Chile,CHL,1980,79.013,20.987,0
Chile,CHL,1981,78.818,21.182,0
Chile,CHL,1982,74.636,25.364,0
Chile,CHL,1983,73.209,26.791,0
Chile,CHL,1984,73.469,26.531,0
Chile,CHL,1985,71.036,28.964,0
Chile,CHL,1986,70.199,29.801,0
Chile,CHL,1987,69.287,30.713,0
Chile,CHL,1988,72.931,27.069,0
Chile,CHL,1989,79.313,20.687,0
Chile,CHL,1990,82.098,17.902,0
Chile,CHL,1991,77.142,22.858,0
Chile,CHL,1992,73.045,26.955,0
Chile,CHL,1993,73.842,26.158,0
Chile,CHL,1994,75.369,24.631,0
Chile,CHL,1995,75.294,24.706,0
Chile,CHL,1996,78.646,21.354,0
Chile,CHL,1997,79.251,20.749,0
Chile,CHL,1998,82.924,17.076,0
Chile,CHL,1999,85.61,14.39,0
Chile,CHL,2000,81.473,18.527,0
Chile,CHL,2001,79.111,20.889,0
Chile,CHL,2002,78.57,21.43,0
Chile,CHL,2003,79.159,20.841,0
Chile,CHL,2004,81.349,18.651,0
Chile,CHL,2005,78.779,21.221,0
Chile,CHL,2006,78.606,21.394,0
Chile,CHL,2007,82.427,17.573,0
Chile,CHL,2008,80.375,19.625,0
Chile,CHL,2009,79.543,20.457,0
Chile,CHL,2010,81.985,18.015,0
Chile,CHL,2011,83.747,16.253,0
Chile,CHL,2012,83.323,16.677,0
Chile,CHL,2013,83.091,16.909,0
Chile,CHL,2014,81.246,18.754,0
Chile,CHL,2015,80.106,19.894,0
Chile,CHL,2016,81.871,18.129,0
Chile,CHL,2017,79.322,20.678,0
Chile,CHL,2018,77.786,22.214,0
Chile,CHL,2019,77.149,22.851,0
China,CHN,1965,95.994,4.006,0
China,CHN,1966,96.249,3.751,0
China,CHN,1967,96.405,3.595,0
China,CHN,1968,95.8,4.2,0
China,CHN,1969,96.491,3.509,0
China,CHN,1970,97.168,2.832,0
China,CHN,1971,97.11,2.89,0
China,CHN,1972,96.962,3.038,0
China,CHN,1973,96.783,3.217,0
China,CHN,1974,96.47,3.53,0
China,CHN,1975,96.702,3.298,0
China,CHN,1976,96.825,3.175,0
China,CHN,1977,96.961,3.039,0
China,CHN,1978,97.403,2.597,0
China,CHN,1979,97.168,2.832,0
China,CHN,1980,96.67,3.33,0
China,CHN,1981,96.202,3.798,0
China,CHN,1982,95.868,4.132,0
China,CHN,1983,95.491,4.509,0
China,CHN,1984,95.779,4.221,0
China,CHN,1985,95.846,4.154,0
China,CHN,1986,95.944,4.056,0
China,CHN,1987,96.021,3.979,0
China,CHN,1988,95.957,4.043,0
China,CHN,1989,95.821,4.179,0
China,CHN,1990,95.582,4.418,0
China,CHN,1991,95.862,4.138,0
China,CHN,1992,95.876,4.124,0
China,CHN,1993,95.502,4.451,0.047
China,CHN,1994,94.957,4.637,0.407
China,CHN,1995,94.465,5.192,0.343
China,CHN,1996,94.818,4.818,0.364
China,CHN,1997,94.611,5.025,0.364
China,CHN,1998,94.555,5.089,0.356
China,CHN,1999,94.771,4.865,0.364
China,CHN,2000,94.293,5.313,0.394
China,CHN,2001,93.393,6.22,0.387
China,CHN,2002,93.6,5.892,0.508
China,CHN,2003,94.288,4.964,0.747
China,CHN,2004,93.997,5.264,0.739
China,CHN,2005,94.101,5.219,0.68
China,CHN,2006,94.131,5.232,0.637
China,CHN,2007,93.971,5.369,0.659
China,CHN,2008,92.478,6.827,0.696
China,CHN,2009,92.822,6.5,0.678
China,CHN,2010,92.187,7.14,0.673
China,CHN,2011,92.641,6.636,0.723
China,CHN,2012,91.227,7.994,0.779
China,CHN,2013,90.766,8.387,0.847
China,CHN,2014,89.398,9.619,0.983
China,CHN,2015,88.567,10.188,1.245
China,CHN,2016,87.546,10.934,1.52
China,CHN,2017,86.751,11.542,1.707
China,CHN,2018,85.88,12.176,1.944
China,CHN,2019,85.142,12.665,2.194
Colombia,COL,1965,88.847,11.153,0
Colombia,COL,1966,88.628,11.372,0
Colombia,COL,1967,88.092,11.908,0
Colombia,COL,1968,87.404,12.596,0
Colombia,COL,1969,86.233,13.767,0
Colombia,COL,1970,85.954,14.046,0
Colombia,COL,1971,84.834,15.166,0
Colombia,COL,1972,85.045,14.955,0
Colombia,COL,1973,83.701,16.299,0
Colombia,COL,1974,83.485,16.515,0
Colombia,COL,1975,81.74,18.26,0
Colombia,COL,1976,81.575,18.425,0
Colombia,COL,1977,81.612,18.388,0
Colombia,COL,1978,80.172,19.828,0
Colombia,COL,1979,79.514,20.486,0
Colombia,COL,1980,78.066,21.934,0
Colombia,COL,1981,78.862,21.138,0
Colombia,COL,1982,78.401,21.599,0
Colombia,COL,1983,79.276,20.724,0
Colombia,COL,1984,77.49,22.51,0
Colombia,COL,1985,76.714,23.286,0
Colombia,COL,1986,73.965,26.035,0
Colombia,COL,1987,73.93,26.07,0
Colombia,COL,1988,72.533,27.467,0
Colombia,COL,1989,71.513,28.487,0
Colombia,COL,1990,68.735,31.265,0
Colombia,COL,1991,69.654,30.346,0
Colombia,COL,1992,76.557,23.443,0
Colombia,COL,1993,73.413,26.587,0
Colombia,COL,1994,71.504,28.496,0
Colombia,COL,1995,71.971,28.029,0
Colombia,COL,1996,69.88,30.12,0
Colombia,COL,1997,73.864,26.136,0
Colombia,COL,1998,74.54,25.46,0
Colombia,COL,1999,69.974,30.026,0
Colombia,COL,2000,71.754,28.246,0
Colombia,COL,2001,70.735,29.265,0
Colombia,COL,2002,68.697,31.303,0
Colombia,COL,2003,68.026,31.974,0
Colombia,COL,2004,66.925,33.075,0
Colombia,COL,2005,66.417,33.583,0
Colombia,COL,2006,67.699,32.301,0
Colombia,COL,2007,66.78,33.22,0
Colombia,COL,2008,68.113,31.887,0
Colombia,COL,2009,70.189,29.811,0
Colombia,COL,2010,72.418,27.582,0
Colombia,COL,2011,68.663,31.337,0
Colombia,COL,2012,71.319,28.681,0
Colombia,COL,2013,73.787,26.213,0
Colombia,COL,2014,74.867,25.133,0
Colombia,COL,2015,75.137,24.863,0
Colombia,COL,2016,75.455,24.545,0
Colombia,COL,2017,70.889,29.111,0
Colombia,COL,2018,71.506,28.494,0
Colombia,COL,2019,75.014,24.986,0
Croatia,HRV,1990,89.406,10.594,0
Croatia,HRV,1991,80.495,19.505,0
Croatia,HRV,1992,84.829,15.171,0
Croatia,HRV,1993,84.743,15.257,0
Croatia,HRV,1994,81.983,18.017,0
Croatia,HRV,1995,81.801,18.199,0
Croatia,HRV,1996,76.442,23.558,0
Croatia,HRV,1997,82.381,17.619,0
Croatia,HRV,1998,82.854,17.146,0
Croatia,HRV,1999,79.799,20.201,0
Croatia,HRV,2000,81.206,18.794,0
Croatia,HRV,2001,80.23,19.77,0
Croatia,HRV,2002,84.05,15.95,0
Croatia,HRV,2003,85.887,14.113,0
Croatia,HRV,2004,81.08,18.92,0
Croatia,HRV,2005,82.425,17.575,0
Croatia,HRV,2006,83.364,16.636,0
Croatia,HRV,2007,88.27,11.702,0
Croatia,HRV,2008,85.531,14.431,0
Croatia,HRV,2009,81.244,18.668,0
Croatia,HRV,2010,77.276,22.724,0
Croatia,HRV,2011,85.304,14.652,0
Croatia,HRV,2012,83.983,15.637,0
Croatia,HRV,2013,74.478,25.134,0
Croatia,HRV,2014,72.819,26.817,0
Croatia,HRV,2015,78.498,21.189,0
Croatia,HRV,2016,77.408,22.58,0
Croatia,HRV,2017,80.938,19.055,0
Croatia,HRV,2018,74.809,24.868,0
Croatia,HRV,2019,78.115,21.537,0
Cyprus,CYP,1965,100,0,0
Cyprus,CYP,1966,100,0,0
Cyprus,CYP,1967,100,0,0
Cyprus,CYP,1968,100,0,0
Cyprus,CYP,1969,100,0,0
Cyprus,CYP,1970,100,0,0
Cyprus,CYP,1971,100,0,0
Cyprus,CYP,1972,100,0,0
Cyprus,CYP,1973,100,0,0
Cyprus,CYP,1974,100,0,0
Cyprus,CYP,1975,100,0,0
Cyprus,CYP,1976,100,0,0
Cyprus,CYP,1977,100,0,0
Cyprus,CYP,1978,100,0,0
Cyprus,CYP,1979,100,0,0
Cyprus,CYP,1980,100,0,0
Cyprus,CYP,1981,100,0,0
Cyprus,CYP,1982,100,0,0
Cyprus,CYP,1983,100,0,0
Cyprus,CYP,1984,100,0,0
Cyprus,CYP,1985,100,0,0
Cyprus,CYP,1986,100,0,0
Cyprus,CYP,1987,100,0,0
Cyprus,CYP,1988,100,0,0
Cyprus,CYP,1989,100,0,0
Cyprus,CYP,1990,100,0,0
Cyprus,CYP,1991,100,0,0
Cyprus,CYP,1992,100,0,0
Cyprus,CYP,1993,100,0,0
Cyprus,CYP,1994,100,0,0
Cyprus,CYP,1995,100,0,0
Cyprus,CYP,1996,100,0,0
Cyprus,CYP,1997,100,0,0
Cyprus,CYP,1998,100,0,0
Cyprus,CYP,1999,100,0,0
Cyprus,CYP,2000,100,0,0
Cyprus,CYP,2001,100,0,0
Cyprus,CYP,2002,100,0,0
Cyprus,CYP,2003,100,0,0
Cyprus,CYP,2004,99.993,0.007,0
Cyprus,CYP,2005,99.993,0.007,0
Cyprus,CYP,2006,99.988,0.012,0
Cyprus,CYP,2007,99.944,0.026,0
Cyprus,CYP,2008,99.428,0.113,0
Cyprus,CYP,2009,99.266,0.235,0
Cyprus,CYP,2010,98.957,0.559,0
Cyprus,CYP,2011,98.081,1.37,0
Cyprus,CYP,2012,97.315,2.099,0
Cyprus,CYP,2013,96.412,2.969,0
Cyprus,CYP,2014,96.731,2.868,0
Cyprus,CYP,2015,96.135,3.476,0
Cyprus,CYP,2016,96.3,3.375,0
Cyprus,CYP,2017,96.345,3.348,0
Cyprus,CYP,2018,96.116,3.562,0
Cyprus,CYP,2019,95.671,3.926,0
Czechia,CZE,1965,98.676,1.324,0
Czechia,CZE,1966,98.762,1.238,0
Czechia,CZE,1967,98.866,1.134,0
Czechia,CZE,1968,99.159,0.841,0
Czechia,CZE,1969,99.342,0.658,0
Czechia,CZE,1970,99.098,0.902,0
Czechia,CZE,1971,99.394,0.606,0
Czechia,CZE,1972,99.369,0.631,0
Czechia,CZE,1973,99.464,0.536,0
Czechia,CZE,1974,99.107,0.893,0
Czechia,CZE,1975,99.144,0.856,0
Czechia,CZE,1976,99.337,0.663,0
Czechia,CZE,1977,99.126,0.874,0
Czechia,CZE,1978,99.198,0.802,0
Czechia,CZE,1979,99.006,0.994,0
Czechia,CZE,1980,98.926,1.074,0
Czechia,CZE,1981,99.07,0.93,0
Czechia,CZE,1982,99.238,0.762,0
Czechia,CZE,1983,99.155,0.754,0.091
Czechia,CZE,1984,98.881,0.572,0.546
Czechia,CZE,1985,98.209,0.736,1.055
Czechia,CZE,1986,96.505,0.817,2.678
Czechia,CZE,1987,94.392,1.05,4.558
Czechia,CZE,1988,94.099,0.89,5.011
Czechia,CZE,1989,93.849,0.719,5.433
Czechia,CZE,1990,93.004,0.591,6.405
Czechia,CZE,1991,92.606,0.609,6.785
Czechia,CZE,1992,92.128,0.808,7.06
Czechia,CZE,1993,91.73,0.924,7.337
Czechia,CZE,1994,91.18,1.056,7.747
Czechia,CZE,1995,91.578,1.379,7.005
Czechia,CZE,1996,91.582,1.252,7.115
Czechia,CZE,1997,91.442,1.266,7.214
Czechia,CZE,1998,90.895,1.18,7.839
Czechia,CZE,1999,90.13,1.467,8.289
Czechia,CZE,2000,90.539,1.336,7.979
Czechia,CZE,2001,90.013,1.465,8.414
Czechia,CZE,2002,87.565,1.689,10.595
Czechia,CZE,2003,85.114,0.998,13.751
Czechia,CZE,2004,85.019,1.345,13.568
Czechia,CZE,2005,85.547,1.586,12.861
Czechia,CZE,2006,84.968,1.782,13.21
Czechia,CZE,2007,84.889,1.73,13.34
Czechia,CZE,2008,84.098,1.931,13.717
Czechia,CZE,2009,82.456,2.5,14.572
Czechia,CZE,2010,82.148,3.009,14.304
Czechia,CZE,2011,80.786,3.819,14.688
Czechia,CZE,2012,79.343,4.251,15.754
Czechia,CZE,2013,78.189,4.951,16.192
Czechia,CZE,2014,78.07,4.91,16.237
Czechia,CZE,2015,79.616,5.103,14.536
Czechia,CZE,2016,80.918,5.136,13.178
Czechia,CZE,2017,79.487,5.004,14.743
Czechia,CZE,2018,78.869,4.873,15.503
Czechia,CZE,2019,78.162,5.183,15.812
Denmark,DNK,1965,99.958,0.042,0
Denmark,DNK,1966,99.962,0.038,0
Denmark,DNK,1967,99.963,0.037,0
Denmark,DNK,1968,99.971,0.029,0
Denmark,DNK,1969,99.973,0.027,0
Denmark,DNK,1970,99.973,0.027,0
Denmark,DNK,1971,99.971,0.029,0
Denmark,DNK,1972,99.972,0.028,0
Denmark,DNK,1973,99.972,0.028,0
Denmark,DNK,1974,99.969,0.031,0
Denmark,DNK,1975,99.972,0.028,0
Denmark,DNK,1976,99.977,0.023,0
Denmark,DNK,1977,99.969,0.031,0
Denmark,DNK,1978,99.965,0.035,0
Denmark,DNK,1979,99.959,0.041,0
Denmark,DNK,1980,99.947,0.053,0
Denmark,DNK,1981,99.939,0.061,0
Denmark,DNK,1982,99.932,0.068,0
Denmark,DNK,1983,99.863,0.137,0
Denmark,DNK,1984,99.861,0.139,0
Denmark,DNK,1985,99.851,0.149,0
Denmark,DNK,1986,99.744,0.256,0
Denmark,DNK,1987,99.658,0.342,0
Denmark,DNK,1988,99.471,0.529,0
Denmark,DNK,1989,99.18,0.82,0
Denmark,DNK,1990,98.832,1.168,0
Denmark,DNK,1991,98.662,1.338,0
Denmark,DNK,1992,98.132,1.868,0
Denmark,DNK,1993,97.846,2.154,0
Denmark,DNK,1994,98.045,1.955,0
Denmark,DNK,1995,97.881,2.119,0
Denmark,DNK,1996,98.004,1.996,0
Denmark,DNK,1997,96.897,3.103,0
Denmark,DNK,1998,95.685,4.315,0
Denmark,DNK,1999,95.034,4.966,0
Denmark,DNK,2000,93.419,6.581,0
Denmark,DNK,2001,93.157,6.843,0
Denmark,DNK,2002,92.08,7.92,0
Denmark,DNK,2003,91.306,8.694,0
Denmark,DNK,2004,89.219,10.781,0
Denmark,DNK,2005,88.553,11.447,0
Denmark,DNK,2006,90.303,9.678,0
Denmark,DNK,2007,88.602,11.368,0
Denmark,DNK,2008,88.459,11.504,0
Denmark,DNK,2009,87.82,12.123,0
Denmark,DNK,2010,85.676,14.173,0
Denmark,DNK,2011,82.255,17.035,0
Denmark,DNK,2012,79.565,19.16,0
Denmark,DNK,2013,79.162,19.62,0
Denmark,DNK,2014,75.95,22.746,0
Denmark,DNK,2015,73.966,24.696,0
Denmark,DNK,2016,74.98,23.695,0
Denmark,DNK,2017,70.858,27.821,0
Denmark,DNK,2018,71.959,26.718,0
Denmark,DNK,2019,68.429,30.163,0
Ecuador,ECU,1965,91.969,8.031,0
Ecuador,ECU,1966,91.263,8.737,0
Ecuador,ECU,1967,91.103,8.897,0
Ecuador,ECU,1968,92.134,7.866,0
Ecuador,ECU,1969,91.782,8.218,0
Ecuador,ECU,1970,92.347,7.653,0
Ecuador,ECU,1971,92.433,7.567,0
Ecuador,ECU,1972,92.677,7.323,0
Ecuador,ECU,1973,93.315,6.685,0
Ecuador,ECU,1974,93.417,6.583,0
Ecuador,ECU,1975,91.828,8.172,0
Ecuador,ECU,1976,92.854,7.146,0
Ecuador,ECU,1977,94.463,5.537,0
Ecuador,ECU,1978,92.486,7.514,0
Ecuador,ECU,1979,93.537,6.463,0
Ecuador,ECU,1980,93.735,6.265,0
Ecuador,ECU,1981,94.958,5.042,0
Ecuador,ECU,1982,94.727,5.273,0
Ecuador,ECU,1983,89.614,10.386,0
Ecuador,ECU,1984,82.388,17.612,0
Ecuador,ECU,1985,84.915,15.085,0
Ecuador,ECU,1986,82.363,17.637,0
Ecuador,ECU,1987,80.484,19.516,0
Ecuador,ECU,1988,82.175,17.825,0
Ecuador,ECU,1989,82.257,17.743,0
Ecuador,ECU,1990,82.704,17.296,0
Ecuador,ECU,1991,84.072,15.928,0
Ecuador,ECU,1992,84.315,15.685,0
Ecuador,ECU,1993,82.301,17.699,0
Ecuador,ECU,1994,81.605,18.395,0
Ecuador,ECU,1995,84.732,15.268,0
Ecuador,ECU,1996,83.497,16.503,0
Ecuador,ECU,1997,84.753,15.247,0
Ecuador,ECU,1998,84.898,15.102,0
Ecuador,ECU,1999,81.699,18.301,0
Ecuador,ECU,2000,79.423,20.577,0
Ecuador,ECU,2001,81.274,18.726,0
Ecuador,ECU,2002,79.922,20.078,0
Ecuador,ECU,2003,81.274,18.726,0
Ecuador,ECU,2004,82.196,17.804,0
Ecuador,ECU,2005,84.27,15.73,0
Ecuador,ECU,2006,84.606,15.394,0
Ecuador,ECU,2007,81.45,18.55,0
Ecuador,ECU,2008,78.455,21.545,0
Ecuador,ECU,2009,82.051,17.949,0
Ecuador,ECU,2010,84.902,15.077,0
Ecuador,ECU,2011,81.772,18.204,0
Ecuador,ECU,2012,81.151,18.82,0
Ecuador,ECU,2013,83.516,16.452,0
Ecuador,ECU,2014,83.615,16.333,0
Ecuador,ECU,2015,81.301,18.607,0
Ecuador,ECU,2016,77.44,22.434,0
Ecuador,ECU,2017,72.901,27.008,0
Ecuador,ECU,2018,73.733,26.149,0
Ecuador,ECU,2019,69.48,30.387,0
Egypt,EGY,1965,94.733,5.267,0
Egypt,EGY,1966,94.726,5.274,0
Egypt,EGY,1967,93.357,6.643,0
Egypt,EGY,1968,90.59,9.41,0
Egypt,EGY,1969,84.744,15.256,0
Egypt,EGY,1970,85.622,14.378,0
Egypt,EGY,1971,84.939,15.061,0
Egypt,EGY,1972,86.128,13.872,0
Egypt,EGY,1973,85.341,14.659,0
Egypt,EGY,1974,84.705,15.295,0
Egypt,EGY,1975,84.669,15.331,0
Egypt,EGY,1976,84.879,15.121,0
Egypt,EGY,1977,84.249,15.751,0
Egypt,EGY,1978,83.637,16.363,0
Egypt,EGY,1979,85.524,14.476,0
Egypt,EGY,1980,87.05,12.95,0
Egypt,EGY,1981,88.143,11.857,0
Egypt,EGY,1982,89.09,10.91,0
Egypt,EGY,1983,90.594,9.406,0
Egypt,EGY,1984,91.518,8.482,0
Egypt,EGY,1985,92.234,7.766,0
Egypt,EGY,1986,92.562,7.438,0
Egypt,EGY,1987,92.901,7.099,0
Egypt,EGY,1988,93.218,6.782,0
Egypt,EGY,1989,93.101,6.899,0
Egypt,EGY,1990,92.995,7.005,0
Egypt,EGY,1991,93.11,6.89,0
Egypt,EGY,1992,93.182,6.818,0
Egypt,EGY,1993,93.052,6.948,0
Egypt,EGY,1994,92.755,7.245,0
Egypt,EGY,1995,92.866,7.134,0
Egypt,EGY,1996,93.053,6.947,0
Egypt,EGY,1997,93.165,6.835,0
Egypt,EGY,1998,93.25,6.75,0
Egypt,EGY,1999,92.994,7.006,0
Egypt,EGY,2000,92.995,7.005,0
Egypt,EGY,2001,93.238,6.762,0
Egypt,EGY,2002,93.558,6.442,0
Egypt,EGY,2003,94.381,5.619,0
Egypt,EGY,2004,94.621,5.379,0
Egypt,EGY,2005,94.976,5.024,0
Egypt,EGY,2006,95.158,4.842,0
Egypt,EGY,2007,94.95,5.05,0
Egypt,EGY,2008,94.927,5.073,0
Egypt,EGY,2009,95.518,4.482,0
Egypt,EGY,2010,95.886,4.114,0
Egypt,EGY,2011,95.878,4.122,0
Egypt,EGY,2012,96.065,3.935,0
Egypt,EGY,2013,96.068,3.932,0
Egypt,EGY,2014,96.103,3.897,0
Egypt,EGY,2015,95.996,4.004,0
Egypt,EGY,2016,96.094,3.906,0
Egypt,EGY,2017,96.293,3.707,0
Egypt,EGY,2018,96.139,3.861,0
Egypt,EGY,2019,95.444,4.556,0
Estonia,EST,1985,100,0,0
Estonia,EST,1986,100,0,0
Estonia,EST,1987,100,0,0
Estonia,EST,1988,100,0,0
Estonia,EST,1989,100,0,0
Estonia,EST,1990,100,0,0
Estonia,EST,1991,100,0,0
Estonia,EST,1992,100,0,0
Estonia,EST,1993,100,0,0
Estonia,EST,1994,100,0,0
Estonia,EST,1995,99.972,0.028,0
Estonia,EST,1996,99.978,0.022,0
Estonia,EST,1997,99.964,0.036,0
Estonia,EST,1998,99.942,0.058,0
Estonia,EST,1999,99.916,0.084,0
Estonia,EST,2000,99.907,0.093,0
Estonia,EST,2001,99.911,0.089,0
Estonia,EST,2002,99.831,0.169,0
Estonia,EST,2003,99.797,0.203,0
Estonia,EST,2004,99.741,0.259,0
Estonia,EST,2005,99.53,0.47,0
Estonia,EST,2006,99.44,0.56,0
Estonia,EST,2007,99.43,0.57,0
Estonia,EST,2008,99.154,0.791,0
Estonia,EST,2009,97.588,2.408,0
Estonia,EST,2010,95.998,3.824,0
Estonia,EST,2011,95.687,4.165,0
Estonia,EST,2012,94.735,5.118,0
Estonia,EST,2013,95.811,4.071,0
Estonia,EST,2014,95.148,4.659,0
Estonia,EST,2015,94.384,5.512,0
Estonia,EST,2016,94.487,5.436,0
Estonia,EST,2017,92.112,7.853,0
Estonia,EST,2018,93.983,5.771,0
Estonia,EST,2019,92.399,7.296,0
Europe,,1965,92.697,6.861,0.442
Europe,,1966,92.265,7.173,0.563
Europe,,1967,92.394,6.973,0.633
Europe,,1968,92.548,6.78,0.672
Europe,,1969,93.007,6.231,0.761
Europe,,1970,93.082,6.143,0.775
Europe,,1971,93.096,6.042,0.861
Europe,,1972,92.913,5.996,1.091
Europe,,1973,93.102,5.761,1.137
Europe,,1974,92.333,6.313,1.354
Europe,,1975,91.66,6.513,1.826
Europe,,1976,92.277,5.707,2.016
Europe,,1977,90.871,6.777,2.352
Europe,,1978,90.929,6.523,2.547
Europe,,1979,90.648,6.614,2.738
Europe,,1980,90.122,6.597,3.281
Europe,,1981,88.593,6.853,4.554
Europe,,1982,87.973,6.912,5.115
Europe,,1983,86.968,7.052,5.98
Europe,,1984,85.64,6.951,7.409
Europe,,1985,85.819,6.027,8.155
Europe,,1986,85.725,5.756,8.519
Europe,,1987,85.178,6.132,8.69
Europe,,1988,84.033,6.503,9.464
Europe,,1989,84.344,5.701,9.955
Europe,,1990,84.248,5.807,9.945
Europe,,1991,83.623,6.021,10.355
Europe,,1992,82.838,6.418,10.745
Europe,,1993,81.775,6.83,11.394
Europe,,1994,81.374,7.087,11.539
Europe,,1995,81.3,7.087,11.613
Europe,,1996,81.338,6.721,11.941
Europe,,1997,80.804,7.075,12.121
Europe,,1998,80.693,7.402,11.904
Europe,,1999,80.42,7.546,12.034
Europe,,2000,80.174,7.836,11.99
Europe,,2001,80.135,7.718,12.147
Europe,,2002,80.382,7.346,12.272
Europe,,2003,80.942,6.978,12.08
Europe,,2004,80.411,7.567,12.022
Europe,,2005,80.444,7.799,11.758
Europe,,2006,80.531,7.908,11.561
Europe,,2007,80.552,8.398,11.05
Europe,,2008,79.85,9.122,11.029
Europe,,2009,78.878,10.031,11.092
Europe,,2010,78.267,10.81,10.923
Europe,,2011,78.09,10.884,11.026
Europe,,2012,77.009,12.266,10.725
Europe,,2013,76.084,13.273,10.643
Europe,,2014,74.891,14.032,11.077
Europe,,2015,74.734,14.612,10.653
Europe,,2016,75.179,14.654,10.166
Europe,,2017,75.451,14.609,9.94
Europe,,2018,74.449,15.657,9.879
Europe,,2019,73.612,16.491,9.875
Finland,FIN,1965,77.154,22.846,0
Finland,FIN,1966,77.734,22.266,0
Finland,FIN,1967,76.277,23.723,0
Finland,FIN,1968,80.334,19.666,0
Finland,FIN,1969,85.129,14.871,0
Finland,FIN,1970,85.302,14.698,0
Finland,FIN,1971,83.934,16.066,0
Finland,FIN,1972,85.203,14.797,0
Finland,FIN,1973,86.324,13.676,0
Finland,FIN,1974,82.843,17.157,0
Finland,FIN,1975,83.778,16.222,0
Finland,FIN,1976,88.154,11.846,0
Finland,FIN,1977,82.448,14.424,3.128
Finland,FIN,1978,85.153,11.157,3.69
Finland,FIN,1979,81.483,11.46,7.058
Finland,FIN,1980,81.803,10.815,7.382
Finland,FIN,1981,70.3,14.372,15.328
Finland,FIN,1982,68.286,13.954,17.76
Finland,FIN,1983,66.417,14.629,18.954
Finland,FIN,1984,66.954,13.688,19.358
Finland,FIN,1985,69.251,12.132,18.617
Finland,FIN,1986,69.531,12.047,18.422
Finland,FIN,1987,69.23,12.746,18.025
Finland,FIN,1988,69.521,12.424,18.055
Finland,FIN,1989,70.396,12.059,17.545
Finland,FIN,1990,69.509,13.914,16.577
Finland,FIN,1991,68.01,15.494,16.497
Finland,FIN,1992,66.442,17.179,16.379
Finland,FIN,1993,66.804,16.449,16.747
Finland,FIN,1994,69.801,14.681,15.518
Finland,FIN,1995,67.385,16.499,16.116
Finland,FIN,1996,69.876,14.281,15.843
Finland,FIN,1997,67.345,15.816,16.84
Finland,FIN,1998,64.254,18.722,17.024
